16 4f 10
 8 6251 10
36 Z 10
 2 101010101 10
# sign
10 1 10
10 -1 10
10 +1 10
2 1111 2
2 -1111 2
2 +1111 2
35 Z 35
35 -Z 35
35 +Z 35
2 -1111 35
10 -1111 35
# big numbers
10 987654321123456789 10
10 -987654321123456789 10
16 987654321123456789 4
16 987654321123456789987654321123456789 2
35 ZZZZZZZZZZZZZZZZZ 35
35 -ZZZZZZZZZZZZZZZZZ 35
35 ZZZZZZZZZZZZZZZZZ 10
35 -ZZZZZZZZZZZZZZZZZ 10
35 ZZZZZZZZZZZZZZZZZ 2
35 -ZZZZZZZZZZZZZZZZZ 2
# interesting
2 1111 2
2 1111 3
2 1111 4
2 1111 5
2 1111 6
2 1111 7
2 1111 8
2 1111 9
2 1111 10
2 1111 11
# floating point
10 12.34 2
10 12.34 8
10 -12.34 10
10 12.34 35
1 1111.1111 2
1 -1111.1111 10
1 1111.1111 35
35 Z3.D0 2
35 -Z3.D0 10
35 Z3.D0 35
# exponential
# 10 10.1e+3 10
# 10 10.1e-3 10
# 10 -10.1e+3 10
# 2 10.1e+3 2
# 2 10.1e-3 2
# 2 -10.1e+3 2
# 35 Z0.ZZe+3 Z
# 35 Z0.ZZe-3 Z
# 35 -Z0.ZZe+3 Z
# 35 -Z0.ZZe+3 2
# 35 -Z0.ZZe-3 8
