16 4f 10
 8 6251 10
36 Z 10
 2 101010101 10
# sign
10 1 10
10 -1 10
10 +1 10
2 1111 2
2 -1111 2
2 +1111 2
36 Z 36
36 -Z 36
36 +Z 36
2 -1111 36
10 -1111 36
# big numbers
10 987654321123456789 10
10 -987654321123456789 10
16 987654321123456789 4
16 987654321123456789987654321123456789 2
36 ZZZZZZZZZZZZZZZZZ 36
36 -ZZZZZZZZZZZZZZZZZ 36
36 ZZZZZZZZZZZZZZZZZ 10
36 -ZZZZZZZZZZZZZZZZZ 10
36 ZZZZZZZZZZZZZZZZZ 2
36 -ZZZZZZZZZZZZZZZZZ 2
# interesting
2 111111111111 2
2 111111111111 3
2 111111111111 4
2 111111111111 5
2 111111111111 6
2 111111111111 7
2 111111111111 8
2 111111111111 9
2 111111111111 10
2 111111111111 11
